
762
760
761
564
568
572
565
566
567
569
570
571
578
577
576
575
574
573
395
3496
3496
594
586
585
587
568
569
570
588
595
592
596
593
589
591
590
548
547
546
542
398
390
391
394
399
400
401
402
550
549
563
562
561
545
544
403
404
393
392
538
396
541
540
539
531
530
529
397
537
535
534
536
532
533
486
479
480
481
483
484
487
488
491
492
482
485
489
490
493
707
708
709
710
711
712
713
714
405
406
407
408
413
414
417
418
419
416
415
412
411
410
409
579
580
584
581
582
583
598
599
609
600
604
603
601
602
357
358
360
362
359
361
458
373
372
369
368
367
366
363
364
365
370
371
433
431
436
435
434
432
597
608
607
606
605